0 1 8330.0 5.26507 
1 2 3355.37 3.63543 
1 3 4974.63 4.4857 
530 4 667.735 1.90653 
530 5 1034.99 2.49454 
470 6 33.3868 0.241064 
470 7 600.962 1.70056 
48 8 16.6934 0.189023 
48 9 1969.82 2.99929 
2 10 2153.45 3.02639 
2 11 1201.92 2.65469 
974 12 66.7735 0.532082 
974 13 450.721 1.5392 
3 14 1819.58 3.06913 
3 15 3155.05 3.83739 
526 16 133.547 0.772931 
526 17 617.655 2.07527 
128 18 884.749 2.24725 
128 19 66.7735 0.547453 
708 20 734.509 1.79442 
708 21 2387.15 3.46396 
152 22 617.655 1.69741 
152 23 1602.57 2.91717 
110 24 317.174 1.90857 
110 25 1001.6 2.2965 
24 26 283.788 1.76764 
24 27 33.3868 0.338218 
770 28 1101.76 2.19581 
770 29 550.882 1.73866 
466 30 66.7735 0.764679 
466 31 33.3868 0.269431 
864 32 50.0802 0.352322 
864 33 550.882 1.48741 
760 34 50.0802 0.510954 
760 35 617.655 1.83728 
402 36 166.934 0.681854 
402 37 383.948 1.51827 
11 38 1168.54 2.41598 
11 39 33.3868 0.380163 
550 40 350.561 1.13673 
550 41 66.7735 0.38909 
378 42 133.547 0.992502 
378 43 367.255 1.4192 
320 44 233.707 1.16003 
320 45 300.481 2.01334 
50 46 16.6934 0.129145 
50 47 16.6934 0.148421 
10 48 1986.51 3.01996 
10 49 166.934 0.785849 
36 50 33.3868 0.237103 
36 51 133.547 0.642519 
992 52 584.269 1.67423 
992 53 133.547 0.650093 
86 54 283.788 1.21604 
86 55 150.24 0.744022 
26 56 16.6934 0.262096 
26 57 267.094 1.74017 
37 58 350.561 1.21957 
37 59 33.3868 0.250092 
270 60 383.948 1.39913 
270 61 50.0802 0.318585 
18 62 684.429 2.00326 
18 63 200.321 1.10133 
584 64 734.509 1.69742 
584 65 250.401 1.19822 
702 66 467.415 1.41154 
702 67 250.401 0.966345 
506 68 300.481 1.32925 
506 69 116.854 0.72768 
646 70 434.028 1.82112 
646 71 16.6934 0.30132 
180 72 16.6934 0.202306 
180 73 16.6934 0.229456 
386 74 2286.99 3.27628 
386 75 16.6934 0.301234 
932 76 83.4669 0.568435 
932 77 16.6934 0.0502024 
63 78 183.627 1.01092 
63 79 16.6934 0.0348634 
486 80 33.3868 0.402138 
486 81 233.707 1.68187 
548 82 16.6934 0.216824 
548 83 267.094 1.04041 
154 84 33.3868 0.419458 
154 85 66.7735 0.396418 
66 86 434.028 1.35128 
66 87 33.3868 0.29857 
360 88 1001.6 2.03775 
360 89 83.4669 0.703532 
774 90 1368.86 2.81977 
774 91 116.854 0.600576 
170 92 16.6934 0.180538 
170 93 16.6934 0.075755 
35 94 567.575 1.69413 
35 95 50.0802 0.335167 
668 96 150.24 0.706758 
668 97 183.627 0.933464 
67 98 217.014 0.902678 
67 99 33.3868 0.144772 
186 100 66.7735 0.440482 
186 101 16.6934 0.209105 
398 102 116.854 0.663214 
398 103 83.4669 0.613981 
87 104 16.6934 0.0661927 
87 105 16.6934 0.293356 
624 106 100.16 0.569739 
624 107 133.547 0.740908 
97 108 33.3868 0.179715 
97 109 150.24 0.826838 
90 110 1318.78 2.76918 
90 111 50.0802 0.360747 
242 112 1669.34 2.80902 
242 113 233.707 0.995568 
25 114 517.495 1.9788 
25 115 484.108 1.35482 
68 116 16.6934 0.0731359 
68 117 283.788 1.2876 
210 118 367.255 1.43299 
210 119 16.6934 0.163187 
30 120 50.0802 0.491623 
30 121 16.6934 0.309092 
462 122 16.6934 0.165058 
462 123 183.627 1.45141 
14 124 1719.42 2.9635 
14 125 100.16 0.49063 
52 126 567.575 1.59358 
52 127 16.6934 0.273294 
450 128 951.523 2.37694 
450 129 183.627 0.765115 
138 130 884.749 2.30102 
138 131 66.7735 0.518037 
61 132 33.3868 0.229751 
61 133 16.6934 0.125743 
926 134 16.6934 0.224949 
926 135 16.6934 0.135332 
102 136 16.6934 0.0674075 
102 137 100.16 0.652594 
5 138 951.523 2.42939 
5 139 83.4669 0.57581 
21 140 2320.38 3.40046 
21 141 66.7735 0.464727 
324 142 16.6934 0.113639 
324 143 16.6934 0.130311 
120 144 33.3868 0.281166 
120 145 16.6934 0.200906 
94 146 484.108 1.56017 
94 147 83.4669 0.5492 
364 148 66.7735 0.457524 
364 149 16.6934 0.0996466 
752 150 50.0802 0.19777 
752 151 83.4669 0.5471 
74 152 2220.22 3.21521 
74 153 66.7735 0.44721 
434 154 100.16 0.625212 
434 155 16.6934 0.486692 
460 156 217.014 1.07758 
460 157 33.3868 0.209557 
168 158 233.707 0.71736 
168 159 233.707 0.902729 
208 160 467.415 1.92024 
208 161 16.6934 0.184224 
226 162 33.3868 0.252709 
226 163 50.0802 0.279703 
51 164 116.854 0.519392 
51 165 16.6934 0.189613 
404 166 33.3868 0.183569 
404 167 16.6934 0.275481 
115 168 467.415 1.18528 
115 169 16.6934 0.2152 
894 170 33.3868 0.232386 
894 171 300.481 1.06312 
582 172 50.0802 0.251137 
582 173 100.16 1.16881 
159 174 133.547 0.592203 
159 175 100.16 0.512465 
734 176 66.7735 0.617821 
734 177 16.6934 0.108403 
60 178 66.7735 0.400247 
60 179 317.174 1.24509 
362 180 33.3868 0.400258 
362 181 33.3868 0.339131 
616 182 50.0802 0.367039 
616 183 16.6934 0.149746 
19 184 33.3868 0.186802 
19 185 33.3868 0.406429 
69 186 83.4669 0.577721 
69 187 33.3868 0.339328 
848 188 16.6934 0.086996 
848 189 50.0802 0.776262 
178 190 16.6934 0.112654 
178 191 50.0802 0.337211 
762 192 150.24 0.831507 
762 193 33.3868 0.192554 
602 194 16.6934 0.198544 
602 195 83.4669 0.529113 
554 196 150.24 0.794496 
554 197 50.0802 0.618727 
151 198 33.3868 0.181634 
151 199 50.0802 0.46791 
34 200 16.6934 0.145017 
34 201 33.3868 0.435299 
85 202 33.3868 0.163971 
85 203 33.3868 0.327081 
80 204 16.6934 0.24066 
80 205 16.6934 0.239637 
630 206 50.0802 0.384582 
630 207 83.4669 0.457138 
114 208 484.108 1.96868 
114 209 33.3868 0.309831 
70 210 383.948 1.62986 
70 211 50.0802 0.596754 
372 212 16.6934 0.12647 
372 213 33.3868 0.327261 
157 214 16.6934 0.101826 
157 215 16.6934 0.173106 
900 216 16.6934 0.274272 
900 217 66.7735 0.441509 
220 218 50.0802 0.29173 
220 219 83.4669 0.577828 
838 220 133.547 0.653262 
838 221 83.4669 0.38027 
248 222 100.16 0.565594 
248 223 33.3868 0.202965 
189 224 16.6934 0.22752 
189 225 33.3868 0.682648 
125 226 83.4669 0.42348 
125 227 16.6934 0.221569 
95 228 33.3868 0.213686 
95 229 16.6934 0.151081 
213 230 16.6934 0.120076 
213 231 16.6934 0.230206 
558 232 133.547 0.830118 
558 233 16.6934 0.20922 
408 234 16.6934 0.0999012 
408 235 16.6934 0.0685893 
44 236 16.6934 0.0824185 
44 237 217.014 1.16245 
164 238 16.6934 0.0456135 
164 239 100.16 0.500942 
13 240 434.028 1.46059 
13 241 16.6934 0.261729 
9 242 1903.05 2.92405 
9 243 66.7735 0.490225 
137 244 16.6934 0.123825 
137 245 83.4669 0.603013 
662 246 16.6934 0.192818 
662 247 16.6934 0.229322 
49 248 133.547 0.718111 
49 249 33.3868 0.377467 
181 250 16.6934 0.130508 
181 251 16.6934 0.187462 
724 252 83.4669 0.377262 
724 253 16.6934 0.124435 
222 254 66.7735 0.456514 
222 255 33.3868 0.181274 
12 256 50.0802 0.340068 
12 257 16.6934 0.231777 
300 258 33.3868 0.25397 
300 259 16.6934 0.139822 
850 260 116.854 0.70916 
850 261 50.0802 0.649821 
784 262 300.481 1.14805 
784 263 16.6934 0.280852 
129 264 100.16 0.420054 
129 265 83.4669 0.684222 
31 266 16.6934 0.142758 
31 267 16.6934 0.150953 
430 268 83.4669 0.501742 
430 269 16.6934 0.335872 
146 270 434.028 1.47403 
146 271 50.0802 0.523503 
422 272 16.6934 0.141304 
422 273 16.6934 0.381946 
185 274 16.6934 0.13862 
185 275 16.6934 0.21254 
207 276 16.6934 0.0555525 
207 277 66.7735 0.424903 
65 278 150.24 0.741322 
65 279 100.16 0.758657 
23 280 1502.4 2.87378 
23 281 100.16 0.607861 
219 282 16.6934 0.12347 
219 283 66.7735 0.46601 
130 284 834.669 2.20083 
130 285 50.0802 0.432416 
796 286 16.6934 0.0644895 
796 287 16.6934 0.193025 
720 288 233.707 1.09487 
720 289 50.0802 0.466829 
804 290 16.6934 0.10343 
804 291 33.3868 0.359205 
684 292 16.6934 0.127061 
684 293 33.3868 0.315069 
388 294 534.188 1.68607 
388 295 50.0802 0.236344 
225 296 16.6934 0.42976 
225 297 16.6934 0.0649834 
952 298 200.321 0.902199 
952 299 66.7735 0.433316 
264 300 50.0802 0.316751 
264 301 50.0802 0.255813 
284 302 784.589 2.15494 
284 303 50.0802 0.37131 
776 304 267.094 1.10341 
776 305 83.4669 0.469238 
394 306 16.6934 0.113217 
394 307 33.3868 0.341538 
746 308 16.6934 0.208366 
746 309 33.3868 0.193511 
17 310 567.575 2.06187 
17 311 50.0802 0.314595 
476 312 83.4669 0.726234 
476 313 100.16 0.536059 
644 314 16.6934 0.23573 
644 315 233.707 1.01796 
309 316 16.6934 0.0825777 
309 317 16.6934 0.138102 
193 318 16.6934 0.10601 
193 319 16.6934 0.121808 
310 320 534.188 2.08589 
310 321 33.3868 0.215062 
936 322 50.0802 0.435464 
936 323 83.4669 0.668412 
32 324 33.3868 0.28813 
32 325 16.6934 0.183975 
256 326 33.3868 0.181899 
256 327 16.6934 0.199377 
704 328 166.934 0.80729 
704 329 33.3868 0.380148 
255 330 16.6934 0.116216 
255 331 16.6934 0.0704196 
53 332 116.854 0.546138 
53 333 16.6934 0.358739 
29 334 517.495 1.65524 
29 335 33.3868 0.270072 
944 336 33.3868 0.255653 
944 337 16.6934 0.100763 
800 338 50.0802 0.362512 
800 339 33.3868 0.49951 
103 340 16.6934 0.133153 
103 341 66.7735 0.466544 
89 342 33.3868 0.332575 
89 343 50.0802 0.500341 
182 344 16.6934 0.188383 
182 345 33.3868 0.22438 
187 346 16.6934 0.27815 
187 347 16.6934 0.0533416 
508 348 16.6934 0.0699458 
508 349 16.6934 0.12929 
866 350 83.4669 0.541417 
866 351 16.6934 0.197078 
265 352 66.7735 0.569649 
265 353 16.6934 0.155687 
289 354 16.6934 0.137607 
289 355 33.3868 0.236555 
556 356 50.0802 0.282492 
556 357 16.6934 0.118924 
382 358 16.6934 0.0826272 
382 359 33.3868 0.455921 
28 360 1085.07 2.14605 
28 361 16.6934 0.236353 
96 362 66.7735 0.529206 
96 363 83.4669 0.534646 
106 364 83.4669 0.525987 
106 365 16.6934 0.200241 
626 366 33.3868 0.388868 
626 367 66.7735 0.459493 
716 368 16.6934 0.216271 
716 369 33.3868 0.282967 
312 370 33.3868 0.225117 
312 371 50.0802 0.47753 
100 372 50.0802 0.38148 
100 373 16.6934 0.127017 
147 374 66.7735 0.335921 
147 375 16.6934 0.196378 
754 376 16.6934 0.296955 
754 377 16.6934 0.150981 
334 378 500.802 1.6288 
334 379 16.6934 0.112287 
400 380 33.3868 0.297504 
400 381 50.0802 0.609123 
195 382 50.0802 0.431977 
195 383 33.3868 0.308225 
740 384 183.627 0.813467 
740 385 33.3868 0.27158 
140 386 2303.69 3.35515 
140 387 16.6934 0.285546 
7 388 584.269 1.69026 
7 389 16.6934 0.0916447 
271 390 16.6934 0.175886 
271 391 33.3868 0.311111 
91 392 100.16 0.55059 
91 393 16.6934 0.117783 
174 394 50.0802 0.40312 
174 395 83.4669 0.44439 
948 396 16.6934 0.104185 
948 397 50.0802 0.385395 
98 398 200.321 0.860808 
98 399 16.6934 0.243899 
279 400 83.4669 0.679626 
279 401 16.6934 0.200458 
126 402 550.882 1.55735 
126 403 16.6934 0.276327 
542 404 50.0802 0.459555 
542 405 50.0802 0.36252 
516 406 16.6934 0.104006 
516 407 16.6934 0.181017 
148 408 33.3868 0.236421 
148 409 33.3868 0.279267 
440 410 16.6934 0.0838994 
440 411 16.6934 0.136935 
192 412 133.547 0.673703 
192 413 16.6934 0.135836 
141 414 16.6934 0.0957951 
141 415 50.0802 0.342083 
628 416 33.3868 0.176841 
628 417 50.0802 0.283256 
366 418 16.6934 0.179805 
366 419 16.6934 0.189162 
42 420 116.854 0.823306 
42 421 16.6934 0.403709 
996 422 33.3868 0.392304 
996 423 33.3868 0.40308 
384 424 133.547 0.728297 
384 425 50.0802 0.319932 
341 426 50.0802 0.260894 
341 427 16.6934 0.242473 
343 428 33.3868 0.325351 
343 429 16.6934 0.0994581 
107 430 100.16 0.632089 
107 431 33.3868 0.406435 
291 432 16.6934 0.164633 
291 433 16.6934 0.13966 
16 434 116.854 0.759571 
16 435 16.6934 0.0996546 
982 436 16.6934 0.137763 
982 437 16.6934 0.136722 
299 438 50.0802 0.290373 
299 439 16.6934 0.22307 
172 440 33.3868 0.177941 
172 441 16.6934 0.181378 
338 442 16.6934 0.0613535 
338 443 33.3868 0.319246 
132 444 16.6934 0.0912464 
132 445 16.6934 0.154835 
315 446 150.24 0.746513 
315 447 83.4669 0.503595 
392 448 33.3868 0.155105 
392 449 66.7735 0.528828 
38 450 1135.15 2.39595 
38 451 33.3868 0.316328 
277 452 50.0802 0.295045 
277 453 16.6934 0.159879 
954 454 16.6934 0.0934184 
954 455 16.6934 0.215857 
171 456 283.788 0.994354 
171 457 16.6934 0.33375 
243 458 16.6934 0.123655 
243 459 50.0802 0.45528 
57 460 250.401 1.39424 
57 461 16.6934 0.321979 
718 462 200.321 1.6248 
718 463 16.6934 0.134502 
371 464 33.3868 0.215447 
371 465 16.6934 0.188045 
420 466 100.16 0.779753 
420 467 16.6934 0.131613 
199 468 33.3868 0.281227 
199 469 16.6934 0.269636 
4 470 634.349 1.80493 
4 471 33.3868 0.402769 
447 472 50.0802 0.318952 
447 473 33.3868 0.205317 
618 474 50.0802 0.179895 
618 475 16.6934 0.196097 
237 476 183.627 0.968392 
237 477 33.3868 0.255639 
405 478 33.3868 0.366287 
405 479 16.6934 0.0627191 
758 480 434.028 1.33242 
758 481 100.16 0.500009 
916 482 16.6934 0.288961 
916 483 16.6934 0.191189 
972 484 50.0802 0.389678 
972 485 16.6934 0.308883 
45 486 267.094 1.87189 
45 487 33.3868 0.389407 
323 488 66.7735 0.451832 
323 489 16.6934 0.221349 
464 490 16.6934 0.105308 
464 491 16.6934 0.0458784 
536 492 16.6934 0.124917 
536 493 33.3868 0.38794 
578 494 16.6934 0.135694 
578 495 50.0802 0.389388 
676 496 33.3868 0.175172 
676 497 33.3868 0.204829 
342 498 16.6934 0.14459 
342 499 16.6934 0.10782 
335 500 16.6934 0.0944721 
335 501 16.6934 0.171378 
363 502 50.0802 0.270493 
363 503 33.3868 0.385311 
198 504 16.6934 0.0806621 
198 505 16.6934 0.0707828 
240 506 417.335 1.44652 
240 507 16.6934 0.12605 
254 508 33.3868 0.20605 
254 509 33.3868 0.435411 
163 510 33.3868 0.190615 
163 511 16.6934 0.0423677 
293 512 16.6934 0.258188 
293 513 16.6934 0.0593641 
380 514 16.6934 0.0732965 
380 515 16.6934 0.273621 
906 516 33.3868 0.321056 
906 517 33.3868 0.39305 
295 518 33.3868 0.239289 
295 519 16.6934 0.00788587 
108 520 16.6934 0.0675336 
108 521 16.6934 0.129431 
281 522 50.0802 0.330651 
281 523 50.0802 0.387751 
742 524 200.321 1.04165 
742 525 33.3868 0.282507 
302 526 751.202 2.13967 
302 527 33.3868 0.28194 
714 528 16.6934 0.215889 
714 529 16.6934 0.294673 
124 530 1702.73 2.90392 
124 531 16.6934 0.137006 
496 532 16.6934 0.101153 
496 533 16.6934 0.0698409 
474 534 33.3868 0.108322 
474 535 16.6934 0.0916054 
283 536 50.0802 0.423541 
283 537 16.6934 0.121267 
423 538 16.6934 0.0953839 
423 539 16.6934 0.292407 
339 540 16.6934 0.201061 
339 541 16.6934 0.227029 
232 542 100.16 0.605025 
232 543 33.3868 0.642466 
27 544 16.6934 0.11944 
27 545 16.6934 0.221919 
443 546 16.6934 0.085265 
443 547 16.6934 0.318815 
262 548 283.788 1.10935 
262 549 16.6934 0.194261 
480 550 417.335 1.24747 
480 551 16.6934 0.35193 
764 552 33.3868 0.287091 
764 553 33.3868 0.221416 
822 554 200.321 1.02739 
822 555 16.6934 0.138461 
313 556 66.7735 0.396428 
313 557 33.3868 0.300045 
842 558 150.24 0.957296 
842 559 16.6934 0.123937 
449 560 16.6934 0.115254 
449 561 50.0802 0.37168 
525 562 16.6934 0.162791 
525 563 16.6934 0.11211 
914 564 16.6934 0.171994 
914 565 16.6934 0.0652409 
472 566 16.6934 0.113499 
472 567 33.3868 0.23681 
567 568 16.6934 0.0789345 
567 569 16.6934 0.1437 
175 570 16.6934 0.112977 
175 571 83.4669 0.415502 
329 572 16.6934 0.0723599 
329 573 16.6934 0.217968 
370 574 16.6934 0.06294 
370 575 16.6934 0.124316 
964 576 16.6934 0.116391 
964 577 16.6934 0.0775679 
481 578 66.7735 0.46857 
481 579 33.3868 0.156769 
395 580 66.7735 0.408685 
395 581 16.6934 0.0985144 
908 582 150.24 1.27776 
908 583 16.6934 0.342843 
88 584 984.91 1.98319 
88 585 16.6934 0.187163 
522 586 33.3868 0.189476 
522 587 16.6934 0.127404 
113 588 217.014 0.918932 
113 589 16.6934 0.325505 
150 590 16.6934 0.0665325 
150 591 33.3868 0.185409 
874 592 16.6934 0.151034 
874 593 16.6934 0.134729 
118 594 350.561 1.24852 
118 595 16.6934 0.359668 
298 596 183.627 0.855409 
298 597 16.6934 0.101561 
431 598 16.6934 0.0931434 
431 599 16.6934 0.204083 
608 600 16.6934 0.0930272 
608 601 16.6934 0.229189 
55 602 100.16 0.654527 
55 603 50.0802 0.333018 
561 604 33.3868 0.364408 
561 605 16.6934 0.0404116 
495 606 16.6934 0.0820943 
495 607 33.3868 0.360615 
452 608 33.3868 0.250332 
452 609 16.6934 0.13642 
553 610 16.6934 0.114607 
553 611 16.6934 0.117044 
58 612 333.868 1.20051 
58 613 16.6934 0.106806 
603 614 33.3868 0.218538 
603 615 16.6934 0.0982389 
268 616 66.7735 0.447041 
268 617 16.6934 0.14792 
221 618 66.7735 0.307376 
221 619 16.6934 0.137495 
672 620 16.6934 0.193708 
672 621 16.6934 0.133404 
648 622 100.16 0.651532 
648 623 33.3868 0.38305 
304 624 233.707 1.02455 
304 625 33.3868 0.284235 
424 626 100.16 0.6263 
424 627 33.3868 0.372753 
239 628 83.4669 0.3902 
239 629 16.6934 0.208326 
328 630 133.547 0.644962 
328 631 33.3868 0.517721 
425 632 16.6934 0.0678303 
425 633 33.3868 0.292095 
228 634 16.6934 0.0870234 
228 635 16.6934 0.128957 
438 636 16.6934 0.121567 
438 637 33.3868 0.19784 
878 638 100.16 0.596057 
878 639 16.6934 0.10479 
488 640 16.6934 0.259159 
488 641 50.0802 0.19299 
217 642 33.3868 0.228745 
217 643 33.3868 0.218963 
54 644 250.401 1.13471 
54 645 33.3868 0.285046 
160 646 450.721 1.88987 
160 647 16.6934 0.185581 
109 648 133.547 0.793926 
109 649 16.6934 0.133798 
604 650 16.6934 0.043823 
604 651 16.6934 0.192397 
381 652 33.3868 0.335558 
381 653 16.6934 0.154206 
173 654 83.4669 0.904997 
173 655 16.6934 0.201328 
633 656 16.6934 0.131113 
633 657 16.6934 0.105006 
552 658 16.6934 0.0514473 
552 659 16.6934 0.130129 
322 660 16.6934 0.119666 
322 661 33.3868 0.321098 
197 662 33.3868 0.414834 
197 663 16.6934 0.324719 
428 664 16.6934 0.108894 
428 665 16.6934 0.0873124 
99 666 16.6934 0.0316401 
99 667 16.6934 0.155044 
594 668 333.868 1.17101 
594 669 16.6934 0.319631 
59 670 16.6934 0.132779 
59 671 16.6934 0.169893 
206 672 33.3868 0.27341 
206 673 16.6934 0.21749 
15 674 3138.36 3.7245 
15 675 16.6934 0.241241 
252 676 66.7735 0.317168 
252 677 16.6934 0.107603 
39 678 16.6934 0.114048 
39 679 16.6934 0.17581 
645 680 16.6934 0.129738 
645 681 16.6934 0.135203 
307 682 16.6934 0.181624 
307 683 16.6934 0.089166 
352 684 50.0802 0.40715 
352 685 16.6934 0.264895 
391 686 16.6934 0.0712157 
391 687 16.6934 0.270092 
487 688 16.6934 0.251062 
487 689 16.6934 0.0784601 
374 690 50.0802 0.249521 
374 691 16.6934 0.161233 
184 692 16.6934 0.0751622 
184 693 16.6934 0.0973383 
586 694 16.6934 0.063007 
586 695 16.6934 0.109628 
451 696 16.6934 0.132704 
451 697 16.6934 0.141183 
209 698 16.6934 0.0756776 
209 699 16.6934 0.177379 
459 700 33.3868 0.245144 
459 701 16.6934 0.178905 
64 702 717.816 1.63404 
64 703 16.6934 0.149642 
588 704 200.321 0.90261 
588 705 16.6934 0.0952268 
83 706 233.707 0.946015 
83 707 33.3868 0.283153 
674 708 3121.66 3.66463 
674 709 16.6934 0.137903 
510 710 16.6934 0.0825044 
510 711 16.6934 0.131434 
502 712 16.6934 0.0580313 
502 713 33.3868 0.243735 
285 714 33.3868 0.4397 
285 715 16.6934 0.0599603 
367 716 50.0802 0.424861 
367 717 16.6934 0.0977379 
81 718 217.014 1.64978 
81 719 16.6934 0.143085 
179 720 283.788 1.20896 
179 721 33.3868 0.283656 
417 722 33.3868 0.126614 
417 723 16.6934 0.160802 
260 724 100.16 0.530728 
260 725 16.6934 0.286736 
471 726 16.6934 0.122837 
471 727 16.6934 0.272136 
156 728 200.321 0.929539 
156 729 16.6934 0.219599 
713 730 16.6934 0.150297 
713 731 16.6934 0.097736 
497 732 16.6934 0.063303 
497 733 16.6934 0.211288 
412 734 83.4669 0.649287 
412 735 50.0802 0.24743 
369 736 16.6934 0.137589 
369 737 16.6934 0.156024 
383 738 16.6934 0.112601 
383 739 16.6934 0.169119 
706 740 217.014 0.900653 
706 741 16.6934 0.155669 
976 742 233.707 1.17723 
976 743 33.3868 0.238312 
258 744 16.6934 0.0843176 
258 745 16.6934 0.14721 
153 746 50.0802 0.354762 
153 747 16.6934 0.178623 
162 748 16.6934 0.0531878 
162 749 16.6934 0.270665 
303 750 33.3868 0.341497 
303 751 16.6934 0.0454439 
278 752 133.547 0.624239 
278 753 16.6934 0.162211 
211 754 33.3868 0.401845 
211 755 16.6934 0.194746 
473 756 16.6934 0.0759022 
473 757 16.6934 0.150067 
33 758 534.188 1.43106 
33 759 16.6934 0.118435 
62 760 667.735 1.93588 
62 761 16.6934 0.324629 
728 762 183.627 0.859149 
728 763 16.6934 0.229884 
139 764 66.7735 0.439141 
139 765 16.6934 0.355009 
700 766 16.6934 0.158825 
700 767 16.6934 0.0331423 
355 768 16.6934 0.0862341 
355 769 16.6934 0.13701 
112 770 1652.65 2.68339 
112 771 16.6934 0.267787 
416 772 16.6934 0.0835061 
416 773 16.6934 0.0422072 
280 774 1485.71 2.83902 
280 775 16.6934 0.169448 
43 776 350.561 1.27817 
43 777 16.6934 0.372627 
345 778 16.6934 0.0685197 
345 779 16.6934 0.136581 
812 780 16.6934 0.102429 
812 781 16.6934 0.0497696 
607 782 16.6934 0.187554 
607 783 16.6934 0.153777 
612 784 317.174 1.19709 
612 785 16.6934 0.116604 
201 786 16.6934 0.190997 
201 787 16.6934 0.177788 
448 788 16.6934 0.0489789 
448 789 16.6934 0.17846 
426 790 16.6934 0.0457053 
426 791 33.3868 0.162889 
844 792 33.3868 0.132546 
844 793 33.3868 0.219963 
518 794 16.6934 0.156857 
518 795 16.6934 0.0580828 
218 796 33.3868 0.209113 
218 797 16.6934 0.19038 
359 798 16.6934 0.142934 
359 799 16.6934 0.121504 
622 800 83.4669 0.606973 
622 801 16.6934 0.100841 
202 802 16.6934 0.0307546 
202 803 16.6934 0.174842 
131 804 50.0802 0.381024 
131 805 16.6934 0.382055 
642 806 16.6934 0.0771917 
642 807 16.6934 0.092744 
385 808 16.6934 0.0539839 
385 809 16.6934 0.195449 
643 810 16.6934 0.222183 
643 811 16.6934 0.0775141 
641 812 33.3868 0.123092 
641 813 16.6934 0.161803 
249 814 16.6934 0.150807 
249 815 16.6934 0.218322 
321 816 16.6934 0.211426 
321 817 16.6934 0.0867881 
580 818 16.6934 0.0623131 
580 819 50.0802 0.419016 
978 820 16.6934 0.162856 
978 821 16.6934 0.191175 
288 822 217.014 1.05151 
288 823 16.6934 0.356389 
625 824 16.6934 0.10126 
625 825 16.6934 0.207674 
880 826 16.6934 0.185816 
880 827 16.6934 0.117186 
910 828 16.6934 0.215983 
910 829 16.6934 0.122303 
792 830 16.6934 0.0634849 
792 831 16.6934 0.0354301 
446 832 116.854 0.644253 
446 833 33.3868 0.243683 
707 834 16.6934 0.189171 
707 835 16.6934 0.0683347 
722 836 16.6934 0.0451683 
722 837 16.6934 0.05674 
158 838 217.014 0.720401 
158 839 16.6934 0.0596194 
78 840 166.934 0.889866 
78 841 16.6934 0.336656 
524 842 166.934 1.0229 
524 843 33.3868 0.252169 
571 844 66.7735 0.344731 
571 845 16.6934 0.0173282 
409 846 16.6934 0.113007 
409 847 16.6934 0.182684 
654 848 66.7735 0.816234 
654 849 16.6934 0.216375 
596 850 166.934 0.892058 
596 851 16.6934 0.0310605 
166 852 16.6934 0.056566 
166 853 16.6934 0.13257 
591 854 16.6934 0.0607532 
591 855 16.6934 0.136449 
661 856 16.6934 0.129306 
661 857 16.6934 0.127628 
517 858 16.6934 0.341395 
517 859 16.6934 0.0829515 
223 860 16.6934 0.0885354 
223 861 16.6934 0.157681 
627 862 16.6934 0.105942 
627 863 16.6934 0.258042 
22 864 600.962 1.61403 
22 865 16.6934 0.115707 
832 866 100.16 0.639687 
832 867 16.6934 0.0651885 
942 868 16.6934 0.104377 
942 869 16.6934 0.155791 
203 870 16.6934 0.149724 
203 871 16.6934 0.173749 
543 872 16.6934 0.323045 
543 873 16.6934 0.226148 
690 874 33.3868 0.219862 
690 875 16.6934 0.0986047 
6 876 16.6934 0.0918111 
6 877 16.6934 0.143781 
196 878 116.854 0.673249 
196 879 33.3868 0.370312 
819 880 33.3868 0.310899 
819 881 16.6934 0.12934 
614 882 16.6934 0.0788302 
614 883 16.6934 0.153879 
493 884 16.6934 0.148923 
493 885 16.6934 0.291955 
843 886 16.6934 0.105162 
843 887 16.6934 0.18147 
301 888 33.3868 0.127635 
301 889 16.6934 0.0984654 
144 890 16.6934 0.0722376 
144 891 16.6934 0.235222 
735 892 16.6934 0.0936429 
735 893 33.3868 0.17981 
40 894 333.868 1.09962 
40 895 16.6934 0.317121 
579 896 16.6934 0.039426 
579 897 16.6934 0.140502 
527 898 16.6934 0.137689 
527 899 16.6934 0.221018 
638 900 83.4669 0.525588 
638 901 16.6934 0.301982 
503 902 16.6934 0.0691522 
503 903 16.6934 0.460328 
523 904 16.6934 0.10941 
523 905 33.3868 0.309353 
245 906 66.7735 0.534124 
245 907 16.6934 0.208817 
123 908 166.934 1.40204 
123 909 16.6934 0.275145 
968 910 33.3868 0.514646 
968 911 16.6934 0.273791 
509 912 16.6934 0.138658 
509 913 16.6934 0.0667652 
415 914 33.3868 0.254873 
415 915 16.6934 0.107999 
484 916 33.3868 0.372784 
484 917 16.6934 0.0983555 
534 918 16.6934 0.0243424 
534 919 16.6934 0.110293 
326 920 16.6934 0.0598464 
326 921 16.6934 0.125042 
750 922 16.6934 0.136164 
750 923 16.6934 0.131985 
84 924 16.6934 0.0670021 
84 925 16.6934 0.050665 
111 926 33.3868 0.347396 
111 927 16.6934 0.0312284 
637 928 16.6934 0.0291436 
637 929 16.6934 0.255209 
478 930 16.6934 0.207851 
478 931 16.6934 0.122063 
332 932 100.16 0.543811 
332 933 16.6934 0.0921434 
721 934 16.6934 0.0824742 
721 935 16.6934 0.139701 
840 936 133.547 0.800583 
840 937 33.3868 0.404267 
893 938 16.6934 0.0396102 
893 939 16.6934 0.154069 
793 940 16.6934 0.121603 
793 941 16.6934 0.0420334 
261 942 33.3868 0.35409 
261 943 16.6934 0.356179 
41 944 50.0802 0.339052 
41 945 16.6934 0.12843 
833 946 16.6934 0.038506 
833 947 16.6934 0.168687 
305 948 66.7735 0.435995 
305 949 16.6934 0.137578 
557 950 16.6934 0.0738304 
557 951 16.6934 0.128451 
456 952 267.094 0.976754 
456 953 16.6934 0.167566 
356 954 33.3868 0.244315 
356 955 16.6934 0.105012 
888 956 16.6934 0.0570226 
888 957 16.6934 0.0688753 
879 958 16.6934 0.127278 
879 959 16.6934 0.176127 
623 960 16.6934 0.0753949 
623 961 16.6934 0.288972 
652 962 16.6934 0.154417 
652 963 16.6934 0.172748 
311 964 33.3868 0.18957 
311 965 16.6934 0.240752 
743 966 16.6934 0.0924906 
743 967 16.6934 0.159145 
176 968 50.0802 0.642553 
176 969 16.6934 0.0365425 
477 970 16.6934 0.157096 
477 971 16.6934 0.104648 
350 972 66.7735 0.491989 
350 973 16.6934 0.23251 
294 974 517.495 1.63338 
294 975 16.6934 0.191864 
117 976 267.094 1.24318 
117 977 16.6934 0.198096 
191 978 33.3868 0.301371 
191 979 16.6934 0.122003 
468 980 16.6934 0.0591192 
468 981 16.6934 0.279307 
397 982 33.3868 0.287857 
397 983 16.6934 0.129512 
336 984 16.6934 0.115828 
336 985 16.6934 0.138819 
905 986 16.6934 0.079214 
905 987 16.6934 0.162819 
631 988 16.6934 0.144909 
631 989 16.6934 0.376542 
937 990 16.6934 0.198283 
937 991 16.6934 0.186121 
20 992 717.816 1.75899 
20 993 16.6934 0.0944351 
791 994 16.6934 0.0608697 
791 995 16.6934 0.110208 
76 996 66.7735 0.539235 
76 997 16.6934 0.216142 
