1.69447
1.69447
1.23658
1.43812
0.725826
0.866168
0.211859
0.711182
0.158092
1.03993
1.06052
0.88711
0.320399
0.673513
1.02196
1.24008
0.413409
0.776054
0.830272
0.305732
0.725924
1.14888
0.710137
1.03194
0.6417
0.895924
0.62973
0.243922
0.871091
0.690974
0.377901
0.244829
0.266284
0.695131
0.29119
0.75144
0.41489
0.624136
0.882035
0.228396
0.625864
0.316255
0.436814
0.615116
0.537832
0.657347
0.16931
0.175302
1.04115
0.400369
0.217157
0.394028
0.688845
0.375982
0.588134
0.443695
0.194214
0.623511
0.613631
0.229394
0.675743
0.280525
0.769924
0.487632
0.767672
0.537677
0.672743
0.523531
0.607288
0.41251
0.727654
0.20552
0.246901
0.254798
1.13986
0.183464
0.343559
0.125248
0.485497
0.114882
0.269783
0.627543
0.197537
0.584728
0.276632
0.324359
0.662507
0.23921
0.849345
0.349802
1.00057
0.367416
0.207748
0.167205
0.739782
0.268901
0.507057
0.571546
0.513097
0.203357
0.352113
0.20667
0.418897
0.377747
0.150015
0.217661
0.406271
0.466201
0.259324
0.553166
0.994428
0.26373
0.998829
0.471413
0.748346
0.66947
0.145336
0.604501
0.699965
0.187751
0.345395
0.233695
0.194928
0.611307
1.01169
0.317039
0.684554
0.182432
0.843867
0.421289
0.837969
0.302541
0.252068
0.182313
0.214935
0.189293
0.149405
0.412464
0.850914
0.323113
1.14293
0.286216
0.18456
0.190985
0.304314
0.235273
0.711875
0.353335
0.374765
0.181032
0.270949
0.397033
1.13367
0.288314
0.380973
0.228646
0.600613
0.249793
0.511803
0.542073
0.73668
0.178232
0.221922
0.251908
0.380655
0.181908
0.312257
0.290622
0.664447
0.18855
0.238936
0.60525
0.317481
0.554542
0.452156
0.405837
0.48327
0.221167
0.330638
0.648254
0.316129
0.303299
0.354785
0.21545
0.217135
0.263713
0.374405
0.260664
0.220832
0.502308
0.180101
0.31177
0.559338
0.266405
0.200539
0.383146
0.526125
0.375544
0.255416
0.358107
0.172201
0.269547
0.233559
0.277568
0.214241
0.214013
0.286452
0.339844
0.740141
0.238897
0.704439
0.329309
0.202168
0.304928
0.184324
0.210473
0.262208
0.417686
0.295817
0.39874
0.446947
0.347118
0.352434
0.207265
0.297076
0.464964
0.299684
0.170448
0.237116
0.182836
0.220928
0.259966
0.528222
0.222541
0.241395
0.219735
0.145193
0.534281
0.131733
0.375322
0.668227
0.192536
1.03267
0.285992
0.180354
0.400633
0.254919
0.266212
0.37487
0.225703
0.229371
0.251106
0.42875
0.217289
0.323134
0.215698
0.291413
0.201189
0.234888
0.170139
0.46984
0.371936
0.598462
0.204337
0.321144
0.346639
0.192956
0.195667
0.398094
0.240806
0.691489
0.311118
0.176315
0.226074
0.197576
0.219856
0.140976
0.331557
0.44612
0.405451
1.01823
0.350883
0.194178
0.382758
0.828208
0.272902
0.171959
0.226181
0.602565
0.331284
0.153887
0.249823
0.186137
0.277771
0.700393
0.237139
0.432503
0.269701
0.54588
0.345297
0.261512
0.247909
0.819039
0.265238
0.568092
0.343001
0.194814
0.305322
0.194236
0.226755
0.766091
0.260954
0.41661
0.404166
0.202617
0.564984
0.167734
0.190746
0.207712
0.215052
0.76037
0.215433
0.306427
0.387536
0.236648
0.177884
0.247265
0.212749
0.433688
0.240251
0.1812
0.15987
0.356858
0.19751
0.683566
0.218954
0.272092
0.181289
0.389973
0.381783
0.186995
0.361809
0.246976
0.302707
0.248292
0.308465
0.239465
0.158467
0.167995
0.195884
0.441306
0.229231
0.332444
0.169967
0.21768
0.296415
0.330886
0.202518
0.171783
0.313098
0.86868
0.176243
0.390383
0.413836
0.388348
0.203997
0.320833
0.397792
0.261926
0.333135
0.277538
0.370675
0.332064
0.191663
0.329208
0.203549
0.254933
0.21527
0.681191
0.149144
0.261735
0.346487
0.329465
0.273614
0.539116
0.267597
1.14144
0.179876
0.70934
0.140726
0.203384
0.27893
0.357884
0.155514
0.329753
0.383913
0.170553
0.31129
0.50319
0.197248
0.390456
0.192428
0.680082
0.184159
0.380279
0.358385
0.215851
0.247924
0.291133
0.303512
0.201383
0.227621
0.548019
0.218353
0.150185
0.27171
0.247742
0.30844
0.253021
0.25625
0.418616
0.215362
0.257307
0.259056
0.499331
0.318115
0.322257
0.240421
0.281425
0.175965
0.42553
0.289536
0.202276
0.194126
0.406656
0.150465
0.225068
0.224642
0.311661
0.221704
0.271262
0.229197
0.2059
0.369816
0.186055
0.212351
0.495885
0.387993
0.206312
0.333392
0.877508
0.219051
0.3056
0.199227
0.212388
0.261857
0.594982
0.223029
0.149088
0.271794
0.614683
0.216522
0.617843
0.178059
0.3212
0.261065
0.409448
0.167686
0.307715
0.256048
0.717394
0.236167
0.336697
0.272516
0.287945
0.223558
0.517175
0.24207
0.341256
0.184594
0.659136
0.357564
0.291366
0.262781
0.373891
0.268063
0.643741
0.258505
0.363976
0.215319
0.27837
0.226156
0.213258
0.336666
0.181849
0.311492
0.31768
0.330348
0.20294
0.188585
0.159991
0.185678
0.330569
0.326327
0.20598
0.19936
0.665062
0.161597
0.230568
0.277991
0.237551
0.137158
0.252454
0.174815
0.169443
0.235527
0.29355
0.30878
0.233611
0.0836984
0.187897
0.22108
0.272843
0.283928
0.566961
0.261422
0.813339
0.224998
0.19937
0.215495
1.01063
0.148211
0.263247
0.239964
0.250196
0.201754
0.363065
0.201797
0.173709
0.229853
0.298352
0.307551
0.465738
0.359236
0.177584
0.207332
0.239342
0.332822
0.592148
0.188646
0.6517
0.212407
0.242263
0.227031
0.583436
0.189931
0.354455
0.27801
0.541073
0.187385
0.178774
0.315292
0.216688
0.197396
0.217612
0.170779
0.213546
0.305211
0.2229
0.258915
0.189133
0.391655
0.161593
0.212885
0.200154
0.237281
0.181469
0.163962
0.330915
0.211631
0.369502
0.183075
0.58726
0.244023
0.847093
0.169407
0.241531
0.183917
0.461323
0.187429
0.162596
0.249828
0.220086
0.213889
0.690855
0.236433
0.539919
0.174028
0.205401
0.249901
0.191168
0.239503
0.400647
0.284538
0.304124
0.147578
0.170451
0.293454
0.274681
0.198454
0.179719
0.180667
0.610147
0.157574
0.258967
0.17831
0.379507
0.203528
0.327253
0.189244
0.20738
0.188918
0.498531
0.331697
0.552204
0.246383
0.457839
0.305557
0.354497
0.202644
0.397389
0.265975
0.174799
0.299449
0.178525
0.19697
0.206793
0.277759
0.477449
0.197536
0.257403
0.314692
0.333319
0.329697
0.57354
0.245361
0.733078
0.180026
0.54333
0.206994
0.191062
0.276566
0.314919
0.218035
0.53771
0.246956
0.24408
0.2309
0.16787
0.211703
0.18525
0.281956
0.328446
0.259785
0.229358
0.217036
0.125118
0.186155
0.681897
0.233069
0.176295
0.1875
0.250193
0.198689
1.23903
0.168807
0.408388
0.22039
0.170983
0.19052
0.193734
0.195743
0.261785
0.21913
0.303228
0.206928
0.180055
0.251269
0.230098
0.17204
0.3004
0.204647
0.166599
0.177723
0.177608
0.203984
0.172505
0.175197
0.167634
0.207418
0.239065
0.185806
0.765152
0.164372
0.45699
0.139935
0.567471
0.258048
1.23834
0.147491
0.176986
0.198837
0.18259
0.310847
0.261743
0.13375
0.380157
0.200049
0.622734
0.177975
0.634248
0.258523
0.257864
0.23019
0.4466
0.244643
0.167242
0.204037
0.590445
0.221169
0.259232
0.23279
0.218217
0.294951
0.498242
0.344534
0.26019
0.268498
0.205606
0.227614
0.560252
0.190243
0.584914
0.241206
0.172635
0.198441
0.266781
0.170755
0.135552
0.203592
0.254574
0.129294
0.43529
0.184794
0.298302
0.209291
0.196501
0.233009
0.692494
0.156165
0.765742
0.194847
0.578798
0.22858
0.295948
0.198431
0.218557
0.147717
0.220928
0.248039
0.996953
0.177641
0.21184
0.178618
1.01682
0.163631
0.607041
0.20837
0.22214
0.263949
0.224979
0.187835
0.238548
0.226995
0.6063
0.162235
0.215839
0.212006
0.134153
0.185347
0.184113
0.300832
0.286506
0.325184
0.205239
0.160102
0.255381
0.209769
0.253447
0.243361
0.486231
0.207595
0.139614
0.215582
0.267941
0.203728
0.258351
0.270482
0.174204
0.240298
0.291026
0.223666
0.262145
0.236033
0.170499
0.187021
0.187665
0.150213
0.168641
0.357401
0.221997
0.231076
0.590069
0.237107
0.176638
0.211384
0.273411
0.243649
0.361929
0.313963
0.24267
0.209745
0.468148
0.268416
0.227157
0.176106
0.198672
0.21033
0.508014
0.143497
0.472359
0.208323
0.548463
0.258446
0.386875
0.129531
0.225643
0.254432
0.516151
0.261884
0.537364
0.130534
0.219115
0.271109
0.176526
0.216102
0.224154
0.223423
0.279657
0.196344
0.151875
0.175449
0.213059
0.266168
0.707919
0.149544
0.461028
0.166433
0.239313
0.264515
0.216133
0.224326
0.297238
0.271886
0.273443
0.188168
0.15824
0.177018
0.488464
0.307548
0.326802
0.220702
0.187104
0.221159
0.243079
0.287631
0.190283
0.21809
0.217079
0.171076
0.201903
0.27122
0.221894
0.310626
0.617416
0.213952
0.138165
0.189834
0.167447
0.188477
0.449626
0.261784
0.189037
0.303642
0.1699
0.261999
0.379687
0.212296
0.600982
0.224937
0.427919
0.307314
0.238777
0.198904
0.248178
0.168376
0.350017
0.210944
0.156251
0.227965
0.17675
0.212502
0.20284
0.201265
0.226954
0.211638
0.255668
0.11772
0.152096
0.26164
0.287586
0.251754
0.349021
0.143076
0.19087
0.21775
0.443061
0.264097
0.199589
0.280294
0.287249
0.220253
0.318184
0.267954
0.296637
0.176826
0.168698
0.244061
0.327497
0.173564
0.204434
0.23479
0.588517
0.189378
0.301972
0.205604
0.168135
0.176264
0.233811
0.25359
0.213704
0.299014
0.246398
0.253407
0.218165
0.19475
0.177666
0.203484
0.47531
0.176368
0.201363
0.181916
0.41511
0.243371
0.696864
0.172896
0.598279
0.188999
0.285533
0.191521
0.190653
0.281081
0.2833
0.195107
0.210964
0.220733
0.187769
0.224827
0.183471
0.232942
0.21126
0.207943
0.724324
0.136155
0.219885
0.255064
0.325292
0.18302
