41.0 62.0 149.0 
43.5609 62.4744 146.029 
43.821 61.1246 144.952 
46.2151 64.1246 146.846 
60.4412 70.0694 144.523 
61.3465 68.6652 148.909 
65.8784 74.9039 139.693 
64.0364 72.9449 139.569 
41.0 58.0 138.0 
42.7747 55.4243 144.205 
43.939 60.0777 144.859 
48.8817 61.636 136.665 
67.4754 80.8038 129.328 
70.8584 75.0 129.524 
51.8392 65.9714 147.203 
43.3659 67.7895 147.062 
78.4894 76.5902 157.874 
78.2335 79.5975 156.457 
52.7757 61.6433 121.834 
58.0396 65.0795 124.852 
38.0483 73.1741 149.194 
39.472 75.7868 146.019 
37.2381 89.6478 136.22 
40.9201 90.5362 137.758 
52.1164 103.402 130.575 
47.4381 104.508 124.897 
53.9207 104.318 129.181 
56.5315 102.139 132.171 
39.5878 38.0506 143.776 
34.9431 37.883 142.13 
12.0904 30.8273 138.094 
17.2522 36.2891 141.444 
33.6441 92.4193 130.615 
32.272 90.8745 129.301 
50.825 60.4789 111.54 
54.1723 63.6588 108.362 
31.5551 76.7631 159.434 
24.4346 75.4112 168.003 
49.2332 61.9671 135.191 
56.4738 61.1248 135.589 
25.031 90.5226 118.244 
23.0659 91.2148 119.282 
25.9677 35.5684 141.35 
29.4732 31.8131 137.513 
80.7173 84.2421 156.042 
82.5415 89.6289 160.361 
27.0 79.0 164.0 
25.0 81.0 158.0 
43.8899 58.8588 144.664 
44.9919 59.2894 145.548 
29.38 77.7449 159.789 
32.265 78.4912 163.717 
34.5513 74.9523 154.778 
33.4556 74.8961 151.944 
51.2466 16.0468 141.301 
47.7703 14.9156 138.937 
55.0 114.0 132.0 
64.7158 105.405 120.672 
24.0305 76.2342 169.702 
23.112 73.5135 168.002 
51.3626 66.3463 89.0743 
49.6661 63.8651 93.9267 
52.7496 62.1119 119.048 
54.5227 57.0006 118.244 
43.9361 26.0482 143.222 
42.13 20.5528 150.579 
46.1576 20.2143 141.073 
47.8335 20.8604 138.37 
75.7419 71.9323 124.641 
75.3522 75.1683 122.056 
51.4412 111.542 109.696 
52.0 122.0 118.0 
60.0 123.0 74.0 
54.0 119.0 71.0 
39.5538 83.321 141.879 
30.0 86.0 139.0 
29.4943 74.7548 151.493 
30.0 75.0 154.0 
54.4495 53.0812 116.782 
54.0 57.0 117.0 
85.9271 100.329 165.445 
89.0408 98.8623 167.0 
20.0 79.0 185.0 
19.6496 82.7479 179.065 
96.0989 76.7316 166.396 
83.0484 79.1538 166.126 
47.5193 17.8779 140.573 
44.298 17.5352 140.791 
41.6733 32.5231 144.236 
47.4825 34.6178 142.74 
44.3015 95.5297 132.672 
44.0986 96.1062 135.902 
23.0 87.0 107.0 
23.0 92.0 111.0 
53.2557 62.6573 103.032 
57.893 62.8998 107.716 
56.7633 118.031 86.624 
61.6735 118.766 84.012 
48.7434 20.7831 136.95 
49.1418 20.7725 138.593 
77.0331 75.9308 114.581 
72.0 77.0 110.0 
49.2702 19.8888 132.778 
55.0008 21.3536 131.195 
44.0 15.0 141.0 
36.0 10.0 139.0 
22.3515 16.8674 127.244 
20.2125 16.3443 128.629 
63.6558 119.738 83.8515 
63.2247 118.827 81.8578 
45.8155 98.7924 129.621 
47.6367 94.5958 131.079 
40.3491 46.4889 143.452 
40.2504 51.618 141.306 
47.9367 105.693 123.245 
47.3975 110.86 127.288 
77.0 70.0 123.0 
77.7458 70.5327 123.655 
55.4858 116.06 95.5842 
60.0 112.0 99.0 
9.02049 24.5572 137.822 
5.0 34.0 129.0 
100.0 109.0 179.0 
97.4965 106.021 179.094 
54.6644 66.7402 147.248 
52.0192 67.7293 147.846 
33.7638 75.0803 156.189 
39.0 83.0 160.0 
51.9369 62.9548 127.486 
48.246 64.6031 130.737 
69.8612 73.5487 153.426 
66.3054 70.5163 153.587 
49.177 62.3333 91.4626 
45.0 63.0 95.0 
57.0 89.0 124.0 
57.0 93.0 131.0 
49.0 18.0 131.0 
48.5095 19.1475 129.541 
66.016 71.1991 151.654 
62.9915 66.1989 148.847 
39.4217 77.5448 145.036 
42.0944 79.0008 150.013 
28.0 100.0 129.0 
28.0 100.0 127.0 
6.51264 22.2185 139.121 
9.0 17.0 136.0 
52.4763 63.5129 100.34 
54.8425 56.9614 98.4968 
25.3938 9.88389 122.34 
28.0 13.0 126.0 
44.7641 14.3537 158.823 
45.4693 11.0208 161.215 
39.6676 88.4749 139.372 
41.9712 83.4224 139.694 
83.3022 78.0735 162.766 
84.0 66.0 175.0 
81.3913 104.635 108.954 
77.5314 104.867 112.077 
49.1505 117.567 129.714 
54.9575 122.144 128.107 
49.4558 108.821 119.063 
52.0 114.0 122.0 
53.5423 70.6814 152.39 
50.8306 73.6561 152.438 
32.6085 80.7053 164.866 
33.0 78.0 171.0 
106.167 49.0444 109.416 
112.0 48.0 102.0 
49.2039 116.819 128.919 
42.0 116.0 131.0 
23.8562 90.2008 113.15 
24.5999 92.0681 113.972 
106.125 110.649 193.831 
111.878 110.458 203.927 
55.3824 124.32 127.812 
57.8722 123.727 125.242 
97.391 108.054 92.856 
97.0 112.0 94.0 
52.1647 68.7712 87.303 
51.85 66.4268 86.6225 
55.9804 119.363 79.6472 
57.6349 112.703 82.0196 
10.0867 8.7535 127.436 
12.0 5.0 129.0 
58.8528 67.5974 123.371 
64.7291 64.0687 122.347 
75.4603 75.4078 117.138 
80.5401 77.1442 121.548 
120.0 112.0 216.0 
120.952 107.628 217.906 
55.0 69.0 84.0 
51.6411 70.6834 87.0559 
89.9809 108.232 99.9619 
87.4244 105.085 104.308 
48.0 4.0 134.0 
49.2268 10.7055 133.6 
50.1734 67.6477 71.4139 
54.2668 64.6975 69.8495 
44.3546 8.74449 163.388 
49.524 8.59975 162.067 
53.0 58.0 107.0 
45.885 57.1071 106.447 
82.428 80.413 167.058 
84.9257 80.51 170.304 
89.0 109.0 164.0 
79.0 103.0 171.0 
32.5982 50.0736 129.27 
30.8156 52.0884 130.147 
48.8995 107.649 121.071 
44.9284 103.177 118.772 
54.7101 113.73 101.982 
46.3625 109.866 104.164 
83.0 76.0 110.0 
79.7953 74.365 108.344 
81.0 103.0 112.0 
80.0 111.0 111.0 
39.0 71.0 58.0 
49.8414 74.3314 60.9093 
47.8302 123.039 132.155 
50.2147 126.194 134.953 
48.634 121.715 132.451 
50.06 118.442 133.65 
54.8939 53.2096 147.062 
52.1599 55.3116 143.905 
128.0 109.0 223.0 
119.541 95.4542 227.08 
52.384 69.7715 150.513 
52.0 74.0 142.0 
60.5462 63.7439 106.524 
61.0 58.0 107.0 
80.0 76.0 104.0 
83.0 68.0 103.0 
96.7912 57.4905 111.298 
100.0 61.0 106.0 
24.0 4.0 116.0 
26.0 6.0 116.0 
82.0 87.0 157.0 
83.6478 90.2766 150.245 
33.0 82.0 166.0 
32.6566 84.0164 166.211 
71.7119 74.6325 128.142 
79.0 81.0 129.0 
41.5059 51.4799 143.487 
40.7456 54.6626 145.932 
47.0 22.0 126.0 
47.8339 18.2453 126.937 
62.0 61.0 61.0 
66.0 68.0 62.0 
50.7895 55.804 145.144 
41.9674 60.0324 150.257 
56.0 109.0 79.0 
62.0 107.0 81.0 
22.8168 99.0059 91.8456 
27.0 99.0 90.0 
55.8753 51.1455 147.046 
56.865 53.279 148.598 
68.5021 82.4013 125.688 
61.0 87.0 129.0 
45.9295 71.8867 127.704 
49.0 71.0 124.0 
22.5924 97.2682 99.802 
20.1452 103.039 101.828 
22.1339 78.2314 174.24 
29.0 78.0 182.0 
48.3995 66.8338 130.13 
43.0173 65.4036 128.804 
12.0 37.0 143.0 
17.0 41.0 138.0 
16.4118 11.9915 128.513 
19.0 2.0 135.0 
52.0527 64.6245 95.976 
45.685 67.188 99.0157 
21.0 76.0 149.0 
16.0 65.0 143.0 
70.0 65.0 122.0 
71.0 61.0 118.0 
29.0 52.0 129.0 
28.1959 55.2394 128.107 
42.5749 17.4526 154.471 
39.0338 18.2893 151.135 
41.7936 91.8111 136.55 
42.9722 93.9933 142.242 
52.0 128.0 139.0 
49.9644 129.031 134.899 
72.5564 74.7948 154.643 
69.2239 76.7091 154.251 
45.0 126.0 134.0 
43.0 131.0 132.0 
51.9133 66.6101 81.4264 
58.8211 69.7185 78.346 
66.0 68.0 159.0 
71.0525 64.4378 157.906 
32.0 64.0 121.0 
31.7451 67.6291 121.553 
66.7673 74.225 135.087 
65.9608 71.1521 136.262 
119.0 85.0 240.0 
119.0 93.0 227.0 
23.2431 95.401 108.13 
25.8077 97.6996 110.448 
48.3139 68.5533 128.776 
49.0193 70.3049 132.588 
74.2071 75.5392 155.104 
72.6438 73.6339 158.456 
25.1728 23.4967 132.018 
25.9645 27.0806 131.908 
58.0 131.0 131.0 
60.1088 133.058 126.63 
53.0 81.0 136.0 
46.3558 84.4983 136.117 
78.7028 80.9907 156.782 
79.4425 80.1209 154.741 
93.2911 98.2181 138.216 
85.6017 97.0877 143.316 
58.0 5.0 144.0 
62.4615 11.2906 144.98 
48.0 87.0 135.0 
46.0 83.0 131.0 
91.0 104.0 106.0 
89.0 104.0 100.0 
79.5792 83.0389 157.159 
78.4957 81.6393 157.792 
57.9079 43.9855 111.867 
51.9674 40.9285 114.505 
30.4847 96.41 129.522 
38.0 92.0 125.0 
70.0594 84.4763 125.468 
68.0 82.0 118.0 
35.1532 51.7898 135.503 
31.476 57.8843 136.681 
61.0 55.0 149.0 
57.0 52.0 151.0 
32.044 74.7454 151.998 
29.0 88.0 153.0 
33.1977 36.6623 141.573 
31.3644 39.7351 142.405 
16.6381 92.2905 116.553 
18.0 96.0 119.0 
72.9869 117.85 72.2494 
73.3485 118.22 65.2367 
60.0 21.0 130.0 
57.2784 21.6174 125.627 
52.2798 34.608 147.463 
50.8461 34.4657 135.344 
5.0 6.0 123.0 
7.93478 9.01712 130.5 
89.0 82.0 117.0 
82.0 77.0 123.0 
57.0 46.0 149.0 
56.0 44.0 151.0 
74.5279 11.2993 146.084 
78.0 13.0 152.0 
39.5895 66.1861 125.29 
39.0 67.0 133.0 
63.0 73.0 78.0 
60.7108 68.9697 75.1981 
86.0885 102.799 140.62 
85.0 103.0 137.0 
51.0 9.0 129.0 
58.8903 5.2828 125.949 
41.1422 35.0505 144.145 
37.0 35.0 152.0 
56.5107 117.505 84.2245 
56.8633 122.677 84.1541 
24.2675 13.8083 125.469 
19.0 20.0 121.0 
11.9141 97.9977 192.075 
16.2163 96.9881 189.277 
17.0 108.0 193.0 
21.5288 101.297 192.025 
95.1482 97.2917 134.555 
97.5932 102.54 132.124 
78.6311 75.7088 112.185 
78.0 80.0 112.0 
53.8901 54.6049 98.2523 
60.0 56.0 93.0 
37.0 104.0 93.0 
42.0 112.0 95.0 
31.2917 35.3052 140.821 
30.0 35.0 144.0 
36.5571 12.2938 150.598 
26.6103 11.7594 149.711 
50.7326 9.95224 132.04 
45.8679 9.76654 129.887 
16.7486 89.503 185.628 
19.2417 88.1011 188.056 
39.2002 80.3967 143.452 
50.0 80.0 143.0 
65.4452 73.4313 137.381 
61.0 72.0 138.0 
39.0 68.0 100.0 
43.9212 70.353 97.0908 
46.7796 97.476 136.958 
42.0 100.0 137.0 
56.8002 127.551 128.58 
54.0307 126.043 126.71 
26.0 26.0 125.0 
24.7612 29.1025 125.194 
49.9711 20.1858 135.302 
50.0 28.0 131.0 
36.6911 15.725 150.774 
33.0 18.0 156.0 
32.692 75.5511 158.442 
27.0 67.0 158.0 
104.924 51.3101 109.253 
97.8483 52.3752 110.243 
47.0 10.0 118.0 
42.0 11.0 115.0 
24.8985 7.07623 118.161 
28.0757 7.79908 121.008 
108.0 113.0 197.0 
108.0 117.0 193.0 
92.2537 108.873 97.9744 
91.0 113.0 98.0 
43.0 81.0 153.0 
44.5232 80.9833 152.143 
32.67 90.4755 168.484 
27.7733 89.2551 168.529 
7.0 98.0 197.0 
11.0 105.0 194.0 
22.5141 34.617 141.709 
18.0 49.0 141.0 
25.8251 73.5998 149.923 
26.0509 75.0287 144.56 
15.954 91.6955 186.428 
15.0828 88.5573 187.646 
59.9078 24.5406 123.313 
58.0 18.0 117.0 
57.2569 33.735 130.937 
49.0 34.0 132.0 
18.6566 13.3954 128.761 
11.6997 17.6451 128.605 
74.0 62.0 163.0 
74.0 60.0 157.0 
79.8389 76.519 159.944 
82.0 75.0 158.0 
23.0 33.0 117.0 
23.0 37.0 120.0 
26.0799 100.783 109.882 
34.0 100.0 109.0 
106.913 111.939 194.131 
102.0 113.0 199.0 
75.0 118.0 71.0 
75.8277 117.444 71.5638 
49.0 63.0 88.0 
48.0 57.0 89.0 
66.9292 11.04 145.115 
62.1119 7.85437 150.401 
47.1075 98.0957 136.967 
51.8599 99.9855 141.03 
49.9431 62.5896 132.806 
44.4515 60.3257 132.866 
26.7835 55.5914 127.661 
29.0 61.0 126.0 
86.0 108.0 140.0 
91.0 110.0 135.0 
24.322 92.9124 113.003 
36.0 91.0 108.0 
41.0 51.0 149.0 
34.0667 56.7915 146.697 
76.247 104.198 112.293 
68.0 116.0 115.0 
96.1372 104.672 176.328 
91.0 106.0 169.0 
99.9636 106.383 130.732 
99.0 103.0 125.0 
19.5986 34.125 142.138 
19.0 31.0 141.0 
51.899 7.98676 163.995 
57.0 2.0 159.0 
63.2878 72.6836 140.904 
60.7033 75.8678 146.508 
63.3449 6.22196 152.984 
60.4946 7.2133 152.214 
51.5835 118.606 138.142 
49.0 116.0 144.0 
86.6289 94.4181 145.255 
82.2988 92.9379 148.333 
96.2448 46.7414 108.21 
97.0 52.0 108.0 
28.0785 90.7293 123.356 
27.272 88.7984 125.704 
91.0 7.0 144.0 
86.0 15.0 152.0 
78.794 11.0709 146.432 
81.0 9.0 135.0 
87.0902 96.8732 164.201 
78.1791 94.7839 163.211 
52.6032 34.3742 110.999 
48.0 37.0 121.0 
103.0 109.0 130.0 
100.0 108.0 130.0 
52.0 136.0 136.0 
51.3996 135.98 133.36 
19.0 86.0 126.0 
22.5876 84.0965 126.218 
21.6416 100.322 87.1319 
19.7442 99.4884 88.8615 
57.0 33.0 150.0 
54.0 36.0 151.0 
28.0 40.0 141.0 
27.0 44.0 145.0 
57.1651 125.083 84.0953 
56.6982 124.814 82.0147 
43.0 6.0 164.0 
44.0 8.0 166.0 
73.2885 74.0131 126.033 
68.0 75.0 125.0 
55.8822 48.4482 148.714 
64.5792 45.8218 140.884 
51.3904 75.4415 153.586 
50.0 75.0 152.0 
25.0 71.0 115.0 
30.0 68.0 123.0 
35.0 10.0 150.0 
39.0 2.0 151.0 
45.9067 12.9893 120.463 
49.7534 16.0594 119.007 
67.9005 67.5617 135.428 
66.0 71.0 136.0 
65.0 121.0 82.0 
68.0 121.0 86.0 
41.0888 98.2817 143.442 
44.6561 94.4403 145.84 
87.7651 63.8825 117.632 
85.1699 60.462 118.646 
76.9107 76.8279 156.03 
75.536 74.0486 154.122 
62.0 85.0 160.0 
68.0 92.0 153.0 
58.1613 67.6991 147.212 
57.0 67.0 152.0 
20.0 102.0 84.0 
24.0 101.0 86.0 
51.8582 119.109 139.075 
55.0 119.0 139.0 
50.4742 131.762 134.248 
47.0 132.0 137.0 
26.0 76.0 141.0 
20.0 75.0 135.0 
74.0 121.0 58.0 
79.0 114.0 60.0 
98.618 54.6192 111.132 
95.2233 52.6312 100.965 
61.0 102.0 131.0 
62.0 99.0 138.0 
78.0 115.0 72.0 
87.0 120.0 67.0 
20.786 79.5568 176.666 
15.0 79.0 172.0 
25.2933 90.4991 119.413 
36.0 98.0 115.0 
69.6168 57.929 149.692 
68.3945 63.2946 145.438 
51.1473 66.0802 74.3539 
53.0 61.0 78.0 
85.9108 101.014 141.05 
79.8561 97.9874 139.94 
95.3726 59.905 112.552 
93.0 61.0 111.0 
55.0 103.0 142.0 
53.5787 101.024 143.924 
88.0 55.0 120.0 
82.0 58.0 117.0 
50.0 87.0 159.0 
47.0 83.0 158.0 
64.0 2.0 154.0 
64.0391 6.82964 156.665 
66.0 7.0 159.0 
63.0 8.0 162.0 
62.0 123.0 124.0 
58.4177 126.63 121.371 
29.0 59.0 136.0 
27.0 65.0 136.0 
97.0 97.0 133.0 
96.0 96.0 130.0 
86.0 82.0 153.0 
83.0 80.0 151.0 
24.1365 86.9443 126.54 
26.8731 87.4815 124.442 
53.3267 127.235 125.377 
52.0 129.0 128.0 
106.05 109.734 193.217 
100.0 121.0 184.0 
42.6936 28.5434 144.511 
36.0 31.0 140.0 
41.3362 100.723 145.437 
37.0 101.0 143.0 
38.8738 51.9844 139.793 
49.0 48.0 133.0 
45.0 13.0 161.0 
47.1988 14.5591 158.547 
52.0 47.0 96.0 
47.0 51.0 97.0 
56.1842 116.879 92.9517 
50.0 128.0 91.0 
22.9414 95.7393 107.108 
25.0 97.0 105.0 
9.0 20.0 129.0 
4.0 16.0 128.0 
22.0 56.0 126.0 
19.0 63.0 129.0 
48.6343 11.5116 135.481 
47.13 10.4813 140.254 
59.5476 101.953 150.126 
53.0 102.0 145.0 
21.0 82.0 128.0 
19.626 79.3257 125.654 
25.0956 56.691 127.702 
24.0 53.0 124.0 
70.0 61.0 142.0 
72.0 66.0 145.0 
23.7353 76.6148 170.932 
24.0 80.0 168.0 
46.9114 8.17984 141.936 
48.0 7.0 139.0 
13.8953 10.1829 127.234 
13.0 11.0 133.0 
50.0413 118.245 136.827 
55.0 117.0 135.0 
30.0 50.0 120.0 
27.0 46.0 127.0 
67.5242 119.187 75.6799 
68.0108 124.871 76.142 
21.8224 17.9004 128.527 
27.1968 21.5157 134.212 
15.0628 94.3649 188.396 
15.4649 95.6178 182.248 
31.3142 86.9622 167.839 
38.0 90.0 167.0 
33.5382 51.2919 131.563 
27.6 51.935 136.71 
13.0 87.0 188.0 
12.3916 88.8745 192.496 
63.0 66.0 107.0 
64.0 63.0 103.0 
24.0 105.0 110.0 
26.9643 101.681 109.312 
47.5949 69.7574 66.5666 
45.0 71.0 66.0 
48.0 27.0 106.0 
53.2025 33.7503 110.879 
48.4294 75.6902 56.623 
51.095 74.7712 60.4932 
55.3233 13.4422 141.818 
53.7579 17.6045 144.789 
50.2436 110.575 116.476 
49.0 105.0 113.0 
65.6817 119.553 78.7294 
63.0 114.0 80.0 
61.0 102.0 151.0 
64.0 103.0 156.0 
23.7334 8.40948 152.083 
22.0 11.0 146.0 
115.061 111.224 208.041 
109.0 112.0 211.0 
11.0 87.0 197.0 
10.0 91.0 195.0 
70.0 56.0 150.0 
73.0 55.0 152.0 
62.0 42.0 111.0 
59.7331 38.6915 109.297 
58.9476 65.0263 66.4896 
53.0 57.0 60.0 
60.0 35.0 128.0 
60.0 32.0 130.0 
50.0 20.0 139.0 
55.0 22.0 139.0 
56.9368 117.888 88.0507 
65.0 125.0 96.0 
18.0 73.0 168.0 
24.0 67.0 168.0 
30.8037 49.4627 127.433 
35.0 45.0 123.0 
41.6876 69.965 147.236 
43.0 70.0 138.0 
21.0836 99.0768 89.3774 
22.0 103.0 91.0 
60.0 59.0 134.0 
63.0 63.0 136.0 
58.0 20.0 146.0 
54.0 18.0 150.0 
61.0 140.0 126.0 
63.0 134.0 125.0 
36.0656 65.9087 123.0 
38.0 72.0 117.0 
42.0 72.0 96.0 
41.0 79.0 92.0 
73.0 103.0 163.0 
77.0 95.0 166.0 
53.1419 53.5786 97.678 
56.0 49.0 100.0 
61.0 69.0 122.0 
58.0 71.0 122.0 
42.0 103.0 146.0 
41.0 103.0 149.0 
42.0 58.0 129.0 
39.0 60.0 133.0 
44.0 103.0 116.0 
41.0 99.0 115.0 
30.2521 57.1893 150.039 
30.0 61.0 143.0 
45.33 23.059 141.516 
48.0 23.0 146.0 
36.8622 52.2616 137.818 
40.0 55.0 138.0 
18.938 84.4306 180.835 
19.1031 86.148 175.633 
39.5535 72.6658 147.492 
43.0 74.0 144.0 
50.0 77.0 156.0 
55.0 79.0 154.0 
56.0 127.0 84.0 
57.4202 128.456 84.5961 
67.3186 80.8145 155.104 
71.0 78.0 155.0 
18.0648 99.8352 191.506 
16.0 100.0 187.0 
91.1836 100.84 169.654 
88.0 101.0 172.0 
52.1052 66.7165 82.6881 
56.9936 64.7109 85.2001 
27.035 91.0822 169.932 
22.0 91.0 167.0 
24.296 98.1243 93.8864 
14.0 99.0 93.0 
63.0 80.0 147.0 
58.0 85.0 151.0 
83.7265 105.253 107.233 
89.0 101.0 110.0 
61.0 133.0 84.0 
55.0 131.0 86.0 
18.0 98.0 88.0 
14.0 105.0 87.0 
94.2388 109.032 95.0764 
94.7363 109.222 98.4617 
25.0 102.0 196.0 
26.0 104.0 189.0 
45.0 8.0 126.0 
40.0 10.0 127.0 
18.3317 86.9475 183.599 
13.0 85.0 180.0 
85.6109 64.6884 118.933 
80.858 64.8292 122.464 
45.0 75.0 128.0 
42.0 75.0 125.0 
45.7891 83.9236 138.111 
41.0 82.0 133.0 
55.0 72.0 153.0 
57.0 73.0 162.0 
73.161 72.6507 165.041 
73.0 72.0 159.0 
43.9091 14.3864 158.24 
38.0 15.0 158.0 
44.1768 109.716 99.9168 
40.0 106.0 103.0 
60.0 8.0 155.0 
56.0 4.0 154.0 
29.4721 90.6184 125.998 
35.0 88.0 127.0 
52.7048 62.4905 115.071 
53.0 74.0 115.0 
85.8062 105.756 105.045 
92.0 108.0 109.0 
66.0793 63.1701 147.215 
62.0 57.0 159.0 
25.0 56.0 153.0 
30.0 58.0 151.0 
63.0 70.0 73.0 
62.0 66.0 71.0 
38.6266 40.0683 143.369 
49.0 41.0 145.0 
34.0 93.0 170.0 
33.0 92.0 168.0 
42.9212 93.5725 134.946 
47.0 90.0 133.0 
26.5649 26.6644 133.681 
34.0 34.0 124.0 
6.0 8.0 132.0 
6.0 11.0 135.0 
57.0 31.0 110.0 
54.0 32.0 113.0 
18.0 74.0 121.0 
16.0 76.0 129.0 
23.343 77.325 172.746 
22.0 73.0 173.0 
39.0 56.0 104.0 
45.0 53.0 101.0 
49.0 98.0 137.0 
47.0 105.0 137.0 
61.0 25.0 122.0 
61.4382 25.7366 122.33 
60.9613 131.022 115.96 
58.2557 132.413 114.248 
68.0 62.0 133.0 
70.0 67.0 136.0 
46.631 124.525 132.821 
47.0 127.0 126.0 
61.0 4.0 121.0 
63.0 3.0 126.0 
69.4425 119.0 73.1931 
67.0 118.0 72.0 
82.0 81.0 168.0 
80.0 86.0 170.0 
67.2051 68.9707 155.309 
62.0 75.0 167.0 
49.0 77.0 54.0 
46.0 76.0 54.0 
20.0 88.0 190.0 
20.0 91.0 195.0 
57.0 81.0 60.0 
53.0 73.0 59.0 
53.8797 33.022 111.372 
56.0 31.0 106.0 
42.0 59.0 156.0 
35.0 63.0 154.0 
73.0 86.0 162.0 
81.0 82.0 160.0 
53.0 127.0 123.0 
52.406 131.777 124.38 
51.0 79.0 85.0 
43.0 76.0 87.0 
51.8021 66.0829 79.1969 
44.0 77.0 77.0 
31.0 21.0 135.0 
28.0 16.0 140.0 
47.0 140.0 118.0 
52.0 140.0 122.0 
112.0 108.0 74.0 
113.0 105.0 81.0 
63.0 132.0 115.0 
61.0 132.0 115.0 
69.2051 11.1604 145.77 
68.3626 8.0335 141.863 
15.0 91.0 172.0 
21.0 87.0 174.0 
26.0 92.0 171.0 
27.0 93.0 171.0 
49.2184 118.832 131.146 
47.0 118.0 129.0 
55.1443 51.0006 115.77 
44.0 46.0 120.0 
90.9244 62.0787 115.186 
90.1945 64.5082 118.949 
59.4544 129.386 117.564 
58.0 127.0 121.0 
30.0 4.0 122.0 
33.0 7.0 116.0 
119.173 110.701 213.007 
116.0 119.0 211.0 
22.5837 96.3112 105.602 
22.0 95.0 107.0 
108.0 48.0 110.0 
107.0 44.0 109.0 
49.0 16.0 159.0 
52.0 13.0 157.0 
59.0 35.0 106.0 
63.0 35.0 109.0 
51.0 18.0 106.0 
52.0 14.0 118.0 
55.0 57.0 143.0 
54.0 51.0 140.0 
13.0 98.0 180.0 
18.0 102.0 175.0 
34.1102 91.1718 131.699 
34.0 91.0 139.0 
73.0934 11.6519 146.32 
69.0 10.0 148.0 
12.0 110.0 99.0 
14.0 111.0 94.0 
84.0 80.0 176.0 
90.0 84.0 173.0 
100.0 49.0 90.0 
89.0 49.0 96.0 
51.9211 52.6684 97.42 
54.0 51.0 95.0 
69.0 75.0 138.0 
68.0 80.0 139.0 
48.0582 69.0729 67.8369 
53.3399 73.2645 68.8011 
51.0069 135.576 122.008 
53.0 136.0 127.0 
45.0 7.0 144.0 
49.0 3.0 144.0 
49.0 140.0 130.0 
58.0 145.0 135.0 
92.0 68.0 120.0 
96.0 62.0 122.0 
49.9682 71.8989 132.327 
49.0 72.0 136.0 
4.0 21.0 139.0 
2.0 16.0 144.0 
97.0 112.0 99.0 
96.8117 107.921 98.7021 
24.5937 90.8773 115.851 
21.0 79.0 117.0 
27.0 87.0 123.0 
25.0 83.0 122.0 
77.0 74.0 149.0 
80.0 67.0 156.0 
47.2169 70.2007 64.6686 
42.0 80.0 66.0 
58.0 126.0 80.0 
52.0 138.0 71.0 
48.0 93.0 148.0 
45.8766 96.355 151.567 
47.8152 16.8192 123.981 
41.0 20.0 123.0 
100.274 107.748 183.449 
90.0 113.0 182.0 
108.695 106.873 81.5926 
107.0 98.0 93.0 
67.0 42.0 138.0 
67.0 46.0 140.0 
46.1676 82.7265 155.633 
48.0 83.0 151.0 
81.3548 11.4949 147.432 
81.0 8.0 146.0 
52.0 119.0 140.0 
53.0 122.0 142.0 
71.0 86.0 124.0 
73.0 88.0 127.0 
72.0 74.0 170.0 
75.0 70.0 169.0 
98.0 76.0 168.0 
98.0 77.0 166.0 
51.8959 92.9644 129.83 
48.0 95.0 130.0 
28.0 102.0 109.0 
32.0 109.0 105.0 
95.0 39.0 110.0 
95.0 45.0 104.0 
30.5322 74.7895 152.144 
30.0 72.0 151.0 
60.0 64.0 86.0 
61.0 63.0 82.0 
55.4423 48.0066 114.273 
60.513 47.8824 116.672 
98.0 107.0 99.0 
102.0 105.0 99.0 
57.0 134.0 110.0 
58.0 134.0 114.0 
15.0295 107.348 98.6841 
25.0 115.0 97.0 
20.0784 92.9644 117.709 
20.0 90.0 123.0 
69.0 7.0 141.0 
70.0 4.0 137.0 
25.8687 27.4425 128.762 
21.0 29.0 132.0 
77.0 98.0 140.0 
77.0 99.0 136.0 
23.7056 94.276 111.097 
27.0 98.0 116.0 
86.8314 104.495 139.699 
84.0 106.0 142.0 
50.0 74.0 133.0 
52.0 73.0 131.0 
57.0 75.0 66.0 
54.0 80.0 68.0 
70.0 127.0 76.0 
70.0 134.0 70.0 
18.0 7.0 153.0 
24.0 3.0 156.0 
81.8687 80.3737 153.755 
78.0 83.0 146.0 
83.0 62.0 122.0 
78.0 60.0 125.0 
101.037 106.388 90.4886 
98.0 109.0 92.0 
82.0 99.0 148.0 
80.0 93.0 145.0 
76.3499 11.386 145.748 
78.0 3.0 146.0 
68.6898 75.4289 132.098 
64.0 71.0 129.0 
80.8445 67.8975 121.787 
83.0 75.0 127.0 
49.7709 73.0423 86.6443 
55.0 74.0 87.0 
53.0 8.0 166.0 
61.0 5.0 169.0 
24.0288 32.2918 122.182 
23.0 27.0 121.0 
14.0 93.0 113.0 
12.0 90.0 118.0 
45.0 98.0 154.0 
49.0 97.0 157.0 
23.0 49.0 138.0 
14.0 57.0 138.0 
68.0 48.0 115.0 
63.0 42.0 120.0 
35.6378 73.9942 151.74 
41.0 72.0 151.0 
62.0 28.0 122.0 
65.0 26.0 120.0 
28.4095 74.4075 150.551 
23.0 80.0 152.0 
